<?xml version="1.0"?>
<opencv_storage>
<intrinsic_matrix type_id="opencv-matrix">
  <rows>3</rows>
  <cols>3</cols>
  <dt>d</dt>
  <data>
    7.8612690899737129e+02 0. 2.9750735723597148e+02 0.
    7.7324330201696398e+02 2.2201868185589288e+02 0. 0. 1.</data></intrinsic_matrix>
</opencv_storage>
