<?xml version="1.0"?>
<opencv_storage>
<object_points type_id="opencv-matrix">
  <rows>816</rows>
  <cols>3</cols>
  <dt>d</dt>
  <data>
    0. 0. 0. 2.2000000000000002e+00 0. 0. 4.4000000000000004e+00 0. 0.
    6.6000000000000005e+00 0. 0. 8.8000000000000007e+00 0. 0. 11. 0. 0.
    1.3200000000000001e+01 0. 0. 1.5400000000000002e+01 0. 0. 0.
    2.2000000000000002e+00 0. 2.2000000000000002e+00
    2.2000000000000002e+00 0. 4.4000000000000004e+00
    2.2000000000000002e+00 0. 6.6000000000000005e+00
    2.2000000000000002e+00 0. 8.8000000000000007e+00
    2.2000000000000002e+00 0. 11. 2.2000000000000002e+00 0.
    1.3200000000000001e+01 2.2000000000000002e+00 0.
    1.5400000000000002e+01 2.2000000000000002e+00 0. 0.
    4.4000000000000004e+00 0. 2.2000000000000002e+00
    4.4000000000000004e+00 0. 4.4000000000000004e+00
    4.4000000000000004e+00 0. 6.6000000000000005e+00
    4.4000000000000004e+00 0. 8.8000000000000007e+00
    4.4000000000000004e+00 0. 11. 4.4000000000000004e+00 0.
    1.3200000000000001e+01 4.4000000000000004e+00 0.
    1.5400000000000002e+01 4.4000000000000004e+00 0. 0.
    6.6000000000000005e+00 0. 2.2000000000000002e+00
    6.6000000000000005e+00 0. 4.4000000000000004e+00
    6.6000000000000005e+00 0. 6.6000000000000005e+00
    6.6000000000000005e+00 0. 8.8000000000000007e+00
    6.6000000000000005e+00 0. 11. 6.6000000000000005e+00 0.
    1.3200000000000001e+01 6.6000000000000005e+00 0.
    1.5400000000000002e+01 6.6000000000000005e+00 0. 0.
    8.8000000000000007e+00 0. 2.2000000000000002e+00
    8.8000000000000007e+00 0. 4.4000000000000004e+00
    8.8000000000000007e+00 0. 6.6000000000000005e+00
    8.8000000000000007e+00 0. 8.8000000000000007e+00
    8.8000000000000007e+00 0. 11. 8.8000000000000007e+00 0.
    1.3200000000000001e+01 8.8000000000000007e+00 0.
    1.5400000000000002e+01 8.8000000000000007e+00 0. 0. 11. 0.
    2.2000000000000002e+00 11. 0. 4.4000000000000004e+00 11. 0.
    6.6000000000000005e+00 11. 0. 8.8000000000000007e+00 11. 0. 11. 11.
    0. 1.3200000000000001e+01 11. 0. 1.5400000000000002e+01 11. 0. 0. 0.
    0. 2.2000000000000002e+00 0. 0. 4.4000000000000004e+00 0. 0.
    6.6000000000000005e+00 0. 0. 8.8000000000000007e+00 0. 0. 11. 0. 0.
    1.3200000000000001e+01 0. 0. 1.5400000000000002e+01 0. 0. 0.
    2.2000000000000002e+00 0. 2.2000000000000002e+00
    2.2000000000000002e+00 0. 4.4000000000000004e+00
    2.2000000000000002e+00 0. 6.6000000000000005e+00
    2.2000000000000002e+00 0. 8.8000000000000007e+00
    2.2000000000000002e+00 0. 11. 2.2000000000000002e+00 0.
    1.3200000000000001e+01 2.2000000000000002e+00 0.
    1.5400000000000002e+01 2.2000000000000002e+00 0. 0.
    4.4000000000000004e+00 0. 2.2000000000000002e+00
    4.4000000000000004e+00 0. 4.4000000000000004e+00
    4.4000000000000004e+00 0. 6.6000000000000005e+00
    4.4000000000000004e+00 0. 8.8000000000000007e+00
    4.4000000000000004e+00 0. 11. 4.4000000000000004e+00 0.
    1.3200000000000001e+01 4.4000000000000004e+00 0.
    1.5400000000000002e+01 4.4000000000000004e+00 0. 0.
    6.6000000000000005e+00 0. 2.2000000000000002e+00
    6.6000000000000005e+00 0. 4.4000000000000004e+00
    6.6000000000000005e+00 0. 6.6000000000000005e+00
    6.6000000000000005e+00 0. 8.8000000000000007e+00
    6.6000000000000005e+00 0. 11. 6.6000000000000005e+00 0.
    1.3200000000000001e+01 6.6000000000000005e+00 0.
    1.5400000000000002e+01 6.6000000000000005e+00 0. 0.
    8.8000000000000007e+00 0. 2.2000000000000002e+00
    8.8000000000000007e+00 0. 4.4000000000000004e+00
    8.8000000000000007e+00 0. 6.6000000000000005e+00
    8.8000000000000007e+00 0. 8.8000000000000007e+00
    8.8000000000000007e+00 0. 11. 8.8000000000000007e+00 0.
    1.3200000000000001e+01 8.8000000000000007e+00 0.
    1.5400000000000002e+01 8.8000000000000007e+00 0. 0. 11. 0.
    2.2000000000000002e+00 11. 0. 4.4000000000000004e+00 11. 0.
    6.6000000000000005e+00 11. 0. 8.8000000000000007e+00 11. 0. 11. 11.
    0. 1.3200000000000001e+01 11. 0. 1.5400000000000002e+01 11. 0. 0. 0.
    0. 2.2000000000000002e+00 0. 0. 4.4000000000000004e+00 0. 0.
    6.6000000000000005e+00 0. 0. 8.8000000000000007e+00 0. 0. 11. 0. 0.
    1.3200000000000001e+01 0. 0. 1.5400000000000002e+01 0. 0. 0.
    2.2000000000000002e+00 0. 2.2000000000000002e+00
    2.2000000000000002e+00 0. 4.4000000000000004e+00
    2.2000000000000002e+00 0. 6.6000000000000005e+00
    2.2000000000000002e+00 0. 8.8000000000000007e+00
    2.2000000000000002e+00 0. 11. 2.2000000000000002e+00 0.
    1.3200000000000001e+01 2.2000000000000002e+00 0.
    1.5400000000000002e+01 2.2000000000000002e+00 0. 0.
    4.4000000000000004e+00 0. 2.2000000000000002e+00
    4.4000000000000004e+00 0. 4.4000000000000004e+00
    4.4000000000000004e+00 0. 6.6000000000000005e+00
    4.4000000000000004e+00 0. 8.8000000000000007e+00
    4.4000000000000004e+00 0. 11. 4.4000000000000004e+00 0.
    1.3200000000000001e+01 4.4000000000000004e+00 0.
    1.5400000000000002e+01 4.4000000000000004e+00 0. 0.
    6.6000000000000005e+00 0. 2.2000000000000002e+00
    6.6000000000000005e+00 0. 4.4000000000000004e+00
    6.6000000000000005e+00 0. 6.6000000000000005e+00
    6.6000000000000005e+00 0. 8.8000000000000007e+00
    6.6000000000000005e+00 0. 11. 6.6000000000000005e+00 0.
    1.3200000000000001e+01 6.6000000000000005e+00 0.
    1.5400000000000002e+01 6.6000000000000005e+00 0. 0.
    8.8000000000000007e+00 0. 2.2000000000000002e+00
    8.8000000000000007e+00 0. 4.4000000000000004e+00
    8.8000000000000007e+00 0. 6.6000000000000005e+00
    8.8000000000000007e+00 0. 8.8000000000000007e+00
    8.8000000000000007e+00 0. 11. 8.8000000000000007e+00 0.
    1.3200000000000001e+01 8.8000000000000007e+00 0.
    1.5400000000000002e+01 8.8000000000000007e+00 0. 0. 11. 0.
    2.2000000000000002e+00 11. 0. 4.4000000000000004e+00 11. 0.
    6.6000000000000005e+00 11. 0. 8.8000000000000007e+00 11. 0. 11. 11.
    0. 1.3200000000000001e+01 11. 0. 1.5400000000000002e+01 11. 0. 0. 0.
    0. 2.2000000000000002e+00 0. 0. 4.4000000000000004e+00 0. 0.
    6.6000000000000005e+00 0. 0. 8.8000000000000007e+00 0. 0. 11. 0. 0.
    1.3200000000000001e+01 0. 0. 1.5400000000000002e+01 0. 0. 0.
    2.2000000000000002e+00 0. 2.2000000000000002e+00
    2.2000000000000002e+00 0. 4.4000000000000004e+00
    2.2000000000000002e+00 0. 6.6000000000000005e+00
    2.2000000000000002e+00 0. 8.8000000000000007e+00
    2.2000000000000002e+00 0. 11. 2.2000000000000002e+00 0.
    1.3200000000000001e+01 2.2000000000000002e+00 0.
    1.5400000000000002e+01 2.2000000000000002e+00 0. 0.
    4.4000000000000004e+00 0. 2.2000000000000002e+00
    4.4000000000000004e+00 0. 4.4000000000000004e+00
    4.4000000000000004e+00 0. 6.6000000000000005e+00
    4.4000000000000004e+00 0. 8.8000000000000007e+00
    4.4000000000000004e+00 0. 11. 4.4000000000000004e+00 0.
    1.3200000000000001e+01 4.4000000000000004e+00 0.
    1.5400000000000002e+01 4.4000000000000004e+00 0. 0.
    6.6000000000000005e+00 0. 2.2000000000000002e+00
    6.6000000000000005e+00 0. 4.4000000000000004e+00
    6.6000000000000005e+00 0. 6.6000000000000005e+00
    6.6000000000000005e+00 0. 8.8000000000000007e+00
    6.6000000000000005e+00 0. 11. 6.6000000000000005e+00 0.
    1.3200000000000001e+01 6.6000000000000005e+00 0.
    1.5400000000000002e+01 6.6000000000000005e+00 0. 0.
    8.8000000000000007e+00 0. 2.2000000000000002e+00
    8.8000000000000007e+00 0. 4.4000000000000004e+00
    8.8000000000000007e+00 0. 6.6000000000000005e+00
    8.8000000000000007e+00 0. 8.8000000000000007e+00
    8.8000000000000007e+00 0. 11. 8.8000000000000007e+00 0.
    1.3200000000000001e+01 8.8000000000000007e+00 0.
    1.5400000000000002e+01 8.8000000000000007e+00 0. 0. 11. 0.
    2.2000000000000002e+00 11. 0. 4.4000000000000004e+00 11. 0.
    6.6000000000000005e+00 11. 0. 8.8000000000000007e+00 11. 0. 11. 11.
    0. 1.3200000000000001e+01 11. 0. 1.5400000000000002e+01 11. 0. 0. 0.
    0. 2.2000000000000002e+00 0. 0. 4.4000000000000004e+00 0. 0.
