<?xml version="1.0"?>
<opencv_storage>
<projection_matrix type_id="opencv-matrix">
  <rows>3</rows>
  <cols>4</cols>
  <dt>d</dt>
  <data>
    8.0790659405229621e+02 6.5523926823318277e+00 2.3184077746645016e+02
    -2.2104773276682515e+06 -3.7393298487307135e+01
    6.9959174285052336e+02 3.9543726907150801e+02
    -1.2275254485293161e+06 9.1774578574405713e-02
    -2.2591755964798954e-01 9.6981373622473888e-01
    4.9400176181018171e+04</data></projection_matrix>
</opencv_storage>
