<?xml version="1.0"?>
<opencv_storage>
<rotation_matrix type_id="opencv-matrix">
  <rows>3</rows>
  <cols>3</cols>
  <dt>d</dt>
  <data>
    9.9297323725346487e-01 9.3832850602308809e-02
    -7.2107879224250021e-02 -7.4709951317508322e-02
    9.6961675541965642e-01 2.3294156087652895e-01 9.1774578574405713e-02
    -2.2591755964798954e-01 9.6981373622473888e-01</data></rotation_matrix>
</opencv_storage>
