<?xml version="1.0"?>
<opencv_storage>
<distortion_coefficient_1 type_id="opencv-matrix">
  <rows>5</rows>
  <cols>1</cols>
  <dt>d</dt>
  <data>
    -7.3079003114238128e-01 2.4976297563382248e+00
    -5.8537182412256013e-04 4.5447831107248420e-02
    -2.4467676654448196e+00</data></distortion_coefficient_1>
</opencv_storage>
