<?xml version="1.0"?>
<opencv_storage>
<distortion_coefficient_1 type_id="opencv-matrix">
  <rows>5</rows>
  <cols>1</cols>
  <dt>d</dt>
  <data>
    -1.0284482468464919e+00 4.0761573607343458e+00
    2.0507805974334945e-03 4.5656484633979255e-02 5.0213037762906279e+00</data></distortion_coefficient_1>
</opencv_storage>
