<?xml version="1.0"?>
<opencv_storage>
<image_points type_id="opencv-matrix">
  <rows>816</rows>
  <cols>2</cols>
  <dt>d</dt>
  <data>
    3.3939722010838974e-02 -2.2634619895194694e-01
    7.2131902705421178e-02 -2.2775642811017163e-01
    1.1017809507988774e-01 -2.3030658307234847e-01
    1.4859252491035807e-01 -2.3066544259406366e-01
    1.8836081071410715e-01 -2.2048852753780757e-01
    2.2707473279936724e-01 -2.2902946288984241e-01
    2.6595748193224367e-01 -2.3337076028427883e-01
    3.0497354857535386e-01 -2.3853711215013840e-01
    3.4441014650259096e-02 -1.8950364375912923e-01
    7.3591373856141992e-02 -1.9171678205356976e-01
    1.0958184971605341e-01 -1.9469324616995320e-01
    1.4960830386792445e-01 -1.9905558489666508e-01
    1.9078641155248807e-01 -1.8874107864921486e-01
    2.2759658916494324e-01 -1.9199579489920965e-01
    2.6912274234995820e-01 -1.9787266897840358e-01
    3.0742872382263625e-01 -2.0213328433253491e-01
    3.4664907433307572e-02 -1.5108005930890600e-01
    7.1955025855202540e-02 -1.5308863992635083e-01
    1.1153832204999856e-01 -1.5769872860492892e-01
    1.4854962577685157e-01 -1.5957517375447025e-01
    1.8918590488954343e-01 -1.5605259296329446e-01
    2.3054865929714879e-01 -1.5818233239323573e-01
    2.6829935739116706e-01 -1.6172416695214992e-01
    3.1081032083948235e-01 -1.6411289652964878e-01
    3.4724737565638847e-02 -1.1386044623657124e-01
    7.4128188169149178e-02 -1.1573959568274743e-01
    1.1127502720854153e-01 -1.1910919362308241e-01
    1.5109171165027049e-01 -1.2255967937727071e-01
    1.9100303973160107e-01 -1.2005510304600288e-01
    2.3095537395640001e-01 -1.1808837208024102e-01
    2.7174336443346231e-01 -1.2269263545080203e-01
    3.1217319326291504e-01 -1.2541822948513962e-01
    3.5184021123042725e-02 -7.6798133003338279e-02
    7.3187028928248840e-02 -7.8492041054630327e-02
    1.1247536617590795e-01 -8.2236609668836669e-02
    1.5088521299904478e-01 -8.1567759274597390e-02
    1.9137627755609379e-01 -8.2275002507196354e-02
    2.3260393956882919e-01 -7.9768565269956335e-02
    2.7195243802022506e-01 -8.3782448664856096e-02
    3.1460917181065806e-01 -8.7072522861112903e-02
    3.5487151562880841e-02 -3.8390233557982281e-02
    7.3538785878945662e-02 -4.0601785777203712e-02
    1.1252404137732365e-01 -4.4186006327590968e-02
    1.5188729868750242e-01 -4.4118315485871903e-02
    1.9285960398422208e-01 -4.2486783939573017e-02
    2.3294843058396797e-01 -4.4140596458259983e-02
    2.7413416599206009e-01 -4.6439777353031467e-02
    3.1557341362577990e-01 -4.5849173928689646e-02
    1.2341780591592692e-01 -1.3824569309616158e-01
    1.5322789554495225e-01 -1.4238977361163721e-01
    1.8392965250134261e-01 -1.4550288178216511e-01
    2.1524128702764450e-01 -1.4834063368901054e-01
    2.4681696969165012e-01 -1.4092034565270470e-01
    2.7970355382611067e-01 -1.5203939811928779e-01
    3.1260190789241699e-01 -1.5680396930164650e-01
    3.4552738648209075e-01 -1.6312005939433835e-01
    1.2332753177049172e-01 -1.0889453596639244e-01
    1.5466281121823061e-01 -1.1292069184801581e-01
    1.8318584235539820e-01 -1.1672900212846755e-01
    2.1582289260235693e-01 -1.2323112923973392e-01
    2.5076941443766604e-01 -1.1659603005320708e-01
    2.8066416171729158e-01 -1.2124647771557981e-01
    3.1497461684547484e-01 -1.2774879761228214e-01
    3.4738486456523926e-01 -1.3273000735811014e-01
    1.2380380590926174e-01 -7.9518450561352066e-02
    1.5367068105176848e-01 -8.2698056236455278e-02
    1.8487548979181490e-01 -8.7483808808890243e-02
    2.1518882323185884e-01 -9.1540029668591025e-02
    2.4984433720633725e-01 -8.7527059557936840e-02
    2.8277946202974119e-01 -9.2125969625980228e-02
    3.1538840426111237e-01 -9.7500916106546917e-02
    3.5049204316390431e-01 -1.0020918319054381e-01
    1.2408526597124241e-01 -4.9365276627024453e-02
    1.5577516471720448e-01 -5.2547144784404413e-02
    1.8522444073225930e-01 -5.6231431713232673e-02
    2.1782733349079772e-01 -6.1897482723725902e-02
    2.5168661019226690e-01 -5.7051323134229635e-02
    2.8382836344069490e-01 -6.0408031363836996e-02
    3.1831765567907239e-01 -6.4917194251981072e-02
    3.5191282206419067e-01 -6.8608951582258090e-02
    1.2520347642624530e-01 -1.9902864220688467e-02
    1.5545918148659296e-01 -2.2333848840415713e-02
    1.8746211275639035e-01 -2.5347741931504353e-02
    2.1823954225617004e-01 -2.9157940164028930e-02
    2.5223608799964570e-01 -2.8514600606585064e-02
    2.8665934331678888e-01 -2.8346270715102092e-02
    3.1852059814158679e-01 -3.2751483041952092e-02
    3.5412882569909565e-01 -3.6288826394869030e-02
    1.2559574148115962e-01 1.0557166227320943e-02 1.5589226084473101e-01
    8.5293291881932652e-03 1.8790905993638729e-01 4.8476596283580061e-03
    2.1949146207882037e-01 3.4957792012859507e-03 2.5295006361169492e-01
    9.1700103002442779e-04 2.8660612918151479e-01 1.7772311751432575e-03
    3.2069345910123115e-01 -1.3910445521580436e-03
    3.5659883277839294e-01 -3.1591542147753550e-03
    7.9473639039359958e-02 -1.9046831744131557e-01
    1.0805780295833012e-01 -1.9807839556940229e-01
    1.3627788050801051e-01 -2.0512846413726973e-01
    1.6588031540949189e-01 -2.1228095155662077e-01
    1.9535918841343472e-01 -2.1990762353409485e-01
    2.2594876063338365e-01 -2.2436460761099683e-01
    2.5675579283111466e-01 -2.3326971007505290e-01
    2.8599201190136203e-01 -2.4336583554933924e-01
    8.2181897470889498e-02 -1.6303809634970759e-01
    1.1160410249489054e-01 -1.7042760826602410e-01
    1.3900664481364478e-01 -1.7970433519514012e-01
    1.6854574502373712e-01 -1.8934102308555054e-01
    2.0255129349681628e-01 -1.8756455627489482e-01
    2.3040731359841723e-01 -1.9629496954682532e-01
    2.6151712552156237e-01 -2.0602948936427173e-01
    2.9221777511178509e-01 -2.1643848903294491e-01
    8.6091502922475679e-02 -1.3511728677002077e-01
    1.1393554694767069e-01 -1.4202469957156325e-01
    1.4394541257060262e-01 -1.5135171926172750e-01
    1.7176822268909445e-01 -1.6005750684099113e-01
    2.0421061573582222e-01 -1.6333166239056621e-01
    2.3496289193349401e-01 -1.6986325641765773e-01
    2.6552180378565349e-01 -1.7890714484897297e-01
    2.9809802672250402e-01 -1.8585577029602715e-01
    8.8779800082374100e-02 -1.0778628290040360e-01
    1.1869994156778535e-01 -1.1510581144972538e-01
    1.4626679882975163e-01 -1.2316663997932978e-01
    1.7630232926746789e-01 -1.3263550212916747e-01
    2.0932345380205583e-01 -1.3260662107106289e-01
    2.3903392803455709e-01 -1.4034751425018077e-01
    2.7153560294030077e-01 -1.4937811853652577e-01
    3.0319153376123775e-01 -1.5767953629094192e-01
    9.2551247989346053e-02 -7.9759876235217061e-02
    1.2090977088022917e-01 -8.7325619886770442e-02
    1.5001886597286102e-01 -9.5121457453352987e-02
    1.8306379602852987e-01 -9.4899599464946444e-02
    2.1261513061309883e-01 -1.0795405096617494e-01
    2.4547061342381549e-01 -1.1037123763280542e-01
    2.7483108823500307e-01 -1.1947718396793647e-01
    3.0817645349835210e-01 -1.2791193169665183e-01
    9.5784611892438434e-02 -5.2119154726370007e-02
    1.2430935434238251e-01 -5.7681549561317491e-02
    1.5450979764262773e-01 -6.5647393162184417e-02
    1.8399521787777373e-01 -7.0028138854331609e-02
    2.1547489061864672e-01 -8.0360286861333258e-02
    2.4803423700712982e-01 -8.3181161845064175e-02
    2.7998387760187321e-01 -9.1616649087853622e-02
    3.1377523527638757e-01 -9.6970728132458731e-02
    1.4646604653134943e-01 -1.0978704750342366e-01
    1.7395087533171255e-01 -1.0999956458405011e-01
    2.0107740335757318e-01 -1.0896699793846332e-01
    2.2748739180696712e-01 -1.0972452667639987e-01
    2.5637799358182556e-01 -1.0356949770656633e-01
    2.8325031001505513e-01 -1.0627751174950689e-01
    3.1066061406213791e-01 -1.0816471217801725e-01
    3.3719417492140674e-01 -1.0905539968918986e-01
    1.4608066100851644e-01 -8.2783151714905731e-02
    1.7550202894706093e-01 -8.3579542897899831e-02
