<?xml version="1.0"?>
<opencv_storage>
<translation_vector type_id="opencv-matrix">
  <rows>3</rows>
  <cols>1</cols>
  <dt>d</dt>
  <data>
    -2.1507205766354058e+04 -1.5771604378437019e+04
    4.9400176181018171e+04</data></translation_vector>
</opencv_storage>
